-15753
-15679
-15917
-13293
-15856
-15605
-16029
-15512
-15297
-15668
-15770
-15701
-15615
-17669
-16021
-13908
-16106
-20001
-13382
-14396
-11740
-14057
-19048
-13926
-14984
-24767
-19962
-18609
-17955
-13885
-16419
-15833
-15992
-8580
-6822
-6952
-8589
-15845
-22186
-22501
-24344
-27641
-22384
-17080
-14057
-11928
-9869
-6219
-5153
-7856
-11797
-16831
-19410
-25040
-22728
-21947
-24505
-23345
-14552
-13545
-9231
-10357
-4664
-1482
-12913
-11832
-15181
-20605
-8215
-18115
-22792
-24745
-17523
-12824
-12227
-8506
-6933
-4535
-7631
-10120
-14462
-20148
-21826
-20478
-20804
-28325
-20091
-14544
-12361
-13202
-9854
-5632
-3041
-12280
-13861
-14661
-21709
-23036
-22920
-20426
-24239
-22401
-17767
-13341
-10133
-7425
-4924
-3502
-11840
-11661
-17948
-22401
-24516
-17701
-24929
-24392
-20018
-15535
-11324
-8098
-4106
-2008
-11343
-12423
-15131
-20918
-23258
-17781
-23595
-23868
-18366
-16166
-11155
-8309
-7093
-6151
-7260
-10444
-15000
-16287
-20766
-23985
-19760
-24897
-22405
-19040
-15205
-10349
-6972
-4477
-3349
-10232
-13044
-16074
-20888
-22427
-32760
-22556
-24681
-20582
-16899
-12357
-5814
-4212
-3783
-11180
-13053
-13617
-18347
-22583
-25295
-20848
-25878
-21206
-16513
-13158
-9850
-6553
-4787
-5382
-10692
-14097
-18952
-22917
-4175
-15915
-26504
-20684
-17670
-14328
-10282
-7656
-7087
-4629
-10360
-10453
-16177
-21094
-21948
-24602
